################################################################################################################   0
# ttbar: kfactor from here: https://twiki.cern.ch/twiki/bin/view/AtlasProtected/MC15TTbarSamplesPMG
410000   377.9932  1.1949
410001   377.9932  1.1949
410002   377.9932  1.1949
410003   377.3090  1.1970
410004   378.7006  1.1926
410006   378.7169  1.1926
410007   317.3591  1.1977
410008   317.3591  1.1977
################################################################################################################   0
# single top
410011   43.739   1.0094
410012   25.778   1.0193
410013   34.009   1.054
410014   33.989   1.054
410015   3.5835   1.054
410016   3.5814   1.054
410025   2.0517   1.6806
410026   1.2615   1.7088
################################################################################################################   0
# Powheg inclusive W https://twiki.cern.ch/twiki/bin/view/AtlasProtected/MC15WjetsPowPy8InclSamplesPMG
361100   11306.0    1.01724
361101   11306.0    1.01724
361102   11306.0    1.01724
361103   8282.6     1.03579
361104   8282.6     1.03579
361105   8282.6     1.03579
################################################################################################################   0
# Powheg inclusive Z, k-factor from here: https://twiki.cern.ch/twiki/bin/view/AtlasProtected/MC15ZjetsPowPy8InclSamplesPMG
361106   1901.2000 1.026
361107   1901.2000 1.026
361108   1901.2000 1.026
################################################################################################################   0
# Sherpa W
# NLO xsec from Sherpa
361300   18956.4  0.90824
361301   1053.8   0.90824
361302   1278.6   0.90824
361303   461.74   0.90824
361304   111.62   0.90824
361305   60.547   0.90824
361306   61.429   0.90824
361307   18.511   0.90824
361308   10.110   0.90824
361309   4.2631   0.90824
361310   1.4495   0.90824

361311   0.8531   0.90824
361312   0.2639   0.90824
361313   0.0989   0.90824
361314   0.0649   0.90824
361315   0.0447   0.90824
361316   0.0167   0.90824
361317   0.0133   0.90824
361318   0.0070   0.90824
361319   0.0025   0.90824
361320   0.0018   0.90824
361321   -1.326e-06  0.90824
361322   1.2436e-05  0.90824
361323   9.2336e-06  0.90824
361324   19092.6     0.90824

361325   1012.77   0.90824
361326   1276.06   0.90824
361327   462.028   0.90824
361328   110.581   0.90824
361329   61.1584   0.90824
361330   61.4285   0.90824
361331   18.3356   0.90824
361332   10.1649   0.90824
361333   4.25821   0.90824
361334   1.43901   0.90824
361335   0.85963   0.90824
361336   0.25795   0.90824
361337   0.10089   0.90824
361338   0.06929   0.90824

361339   0.04821   0.90824
361340   0.01745   0.90824
361341   0.01299   0.90824
361342   0.00627   0.90824
361343   0.00229   0.90824
361344   0.00166   0.90824
361345   2.58455e-05  0.90824
361346   1.39577e-05  0.90824
361347   1.52732e-06  0.90824
361348   19063.7    0.90824
361349   1041.24    0.90824
361350   1276.38    0.90824
361351   460.675    0.90824
361352   111.835    0.90824
361353   60.4267    0.90824
361354   61.5821    0.90824

361355   18.4449    0.90824
361356   10.1734    0.90824
361357   4.17522    0.90824
361358   1.44439    0.90824
361359   0.85524    0.90824
361360   0.26088    0.90824
361361   0.09560    0.90824
361362   0.06531    0.90824
361363   0.04975    0.90824
361364   0.01721    0.90824
361365   0.01254    0.90824
361366   0.00636    0.90824
361367   0.00241    0.90824
361368   0.00185    0.90824
361369   2.49498e-05  0.90824
361370   1.20271e-05  0.90824
361371   9.54024e-06  0.90824

################################################################################################################   0
# Sherpa Z
# NLO xsec from Sherpa

361372   1718.99    0.9013
361373   313.795    0.9013
361374   175.654    0.9013
361375   48.9553    0.9013
361376   16.5568    0.9013
361377   10.0217    0.9013
361378   7.25553    0.9013
361379   2.81840    0.9013
361380   1.75343    0.9013
361381   0.46428    0.9013
361382   0.22164    0.9013
361383   0.13491    0.9013
361384   0.02991    0.9013
361385   0.01459    0.9013
361386   0.00949    0.9013
361387   0.00587    0.9013
361388   0.00302    0.9013
361389   0.00188    0.9013
361390   0.00073    0.9013
361391   0.000459   0.9013
361392   0.000257   0.9013
361393   3.1868e-06 0.9013
361394   3.0549e-06 0.9013
361395   2.0788e-06 0.9013


361396   1716.87    0.9013
361397   312.919    0.9013
361398   175.396    0.9013
361399   49.2600    0.9013
361400   16.7057    0.9013
361401   9.89667    0.9013
361402   7.08911    0.9013
361403   2.80404    0.9013
361404   1.72818    0.9013
361405   0.50135    0.9013
361406   0.23597    0.9013
361407   0.14069    0.9013
361408   0.03083    0.9013
361409   0.01495    0.9013
361410   0.00969    0.9013
361411   0.00472    0.9013
361412   0.00285    0.9013
361413   0.00182    0.9013
361414   0.000686   0.9013
361415   0.000394   0.9013
361416   0.000279   0.9013
361417   3.986419e-06 0.9013
361418   2.209044e-06 0.9013
361419   3.198544e-06 0.9013


361420   1709.18    0.9013
361421   313.721    0.9013
361422   174.677    0.9013
361423   49.4525    0.9013
361424   16.8731    0.9013
361425   10.0215    0.9013
361426   7.10919    0.9013
361427   2.81562    0.9013
361428   1.64983    0.9013
361429   0.50533    0.9013
361430   0.22258    0.9013
361431   0.13902    0.9013
361432   0.03147    0.9013
361433   0.01489    0.9013
361434   0.00940    0.9013
361435   0.00533    0.9013
361436   0.00295    0.9013
361437   0.00189    0.9013
361438   0.00076    0.9013
361439   0.000439   0.9013
361440   0.000228   0.9013
361441   3.6399e-06 0.9013
361442   2.3389e-06 0.9013
361443   2.4476e-06 0.9013

361444   9292.49    0.9141
361445   1672.57    0.9141
361446   955.982    0.9141
361447   278.000    0.9141
361448   93.5176    0.9141
361449   56.9431    0.9141
361450   40.4600    0.9141
361451   15.6915    0.9141
361452   9.72404    0.9141
361453   2.83776    0.9141
361454   1.25440    0.9141
361455   0.78752    0.9141
361456   0.16347    0.9141
361457   0.08385    0.9141
361458   0.04945    0.9141
361459   0.02904    0.9141
361460   0.01650    0.9141
361461   0.00915    0.9141
361462   0.00328    0.9141
361463   0.00245    0.9141
361464   0.00159    0.9141
361465   1.81635e-05   0.9141
361466   1.14102e-05   0.9141
361467   7.52484e-06   0.9141

################################################################################################################   0
# Sherpa        VV

361063   12.583   1.
361064   1.8446   1.
361065   3.6235   1.
361066   2.5656   1.
361067   5.0169   1.
361068   14.022   1.
361069   0.02575   1.
361070   0.043375   1.
361071   0.042017   1.
361072   0.1279    1.
361073   0.02095   1.
361074   0.015884  1.
361075   0.011826  1.
361076   0.006272  1.
361077   0.85492   1.
361078   0.3763   1.
361079   0.5374  1.
361080   0.0508   1.
361081   25.995   1.
361082   25.974   1.
361083   12.543   1.
361084   3.7583   1.
361085   7.4151   1.
361086   2.3647   1.
361087   4.6336   1.

################################################################################################################   0
# Powheg+Pythia8 Diboson (mc12_13TeV)

187150  1.1792  1.0
187151  1.1790  1.0
187152  1.1790  1.0
187153  1.1790  1.0
187154  1.1792  1.0
187155  1.1790  1.0
187156  1.1790  1.0
187157  1.1790  1.0
187158  1.1792  1.0
187159  1.1792  1.0
187160  0.4817  1.0
187161  0.3982  1.0
187162  0.0349  1.0
187163  0.5068  1.0
187164  0.3933  1.0
187165  0.0350  1.0
187166  0.2595  1.0
187167  0.2164  1.0
187168  0.0126  1.0

187170  0.6393  1.0
187171  0.5078  1.0
187172  0.0513  1.0
187173  0.6454  1.0
187174  0.5200  1.0
187175  0.0511  1.0
187176  0.3268  1.0
187177  0.2713  1.0
187178  0.0186  1.0

187180  0.1217  1.0
187181  0.2514  1.0
187182  0.1804  1.0
187183  0.1222  1.0
187184  0.1823  1.0
187185  0.0150  1.0
187186  0.1032  1.0
187187  0.1032  1.0
187188  0.1032  1.0


################################################################################################################   0
# Sherpa gamma+jet

361039   34988   0.41028
361040   34986   0.48609
361041   35002   0.10752
361042   3129   0.39960
361043   3132.9   0.48199
361044   3135.2   0.11728
361045   247.41   0.41049
361046   247.39   0.50284
361047   249.37   0.12874
361048   13.648   0.41834
361049   13.617   0.47349
361050   13.874   0.14069
361051   0.92334   0.38226
361052   0.92185   0.47148
361053   0.93819   0.14811
361054   0.018432   0.37036
361055   0.018388   0.46691
361056   0.019046   0.15751
361057   7.9163e-05   0.38030
361058   8.0515e-05   0.45148
361059   8.2153e-05   0.16549
361060   2.4843e-09   0.40351
361061   2.5134e-09   0.41614
361062   2.5431e-09   0.14831

################################################################################################################   0
# Pythia8 dijet

361000   76508904600   1.
361001   1946305980   1.
361002   24431336   1.
361003   312104   1.
361004   3422.36   1.
361005   66.3778   1.
361006   2.57984   1.
361007   0.1803   1.
361008   0.00645739   1.
361009   0.00023784   1.
361010   7.04754e-06   1.
361011   1.13058e-07   1.
361012   4.40618e-10   1.

361020   80302080000   1.
361021   5.26967e+07   1.
361022   809380   1.
361023   8452.85   1.
361024   134.977   1.
361025   4.20402   1.
361026   0.242119   1.
361027   0.00636958   1.
361028   0.00635145   1.
361029   0.000236729   1.
361030   7.0498e-06   1.
361031   1.1416e-07   1.
361032   4.40618e-10   1.
################################################################################################################   0
# PowhegPythia8 dijet
426001   1473849828   1.
426002   1.97235e+07   1.
426003   286031   1.
426004   3238.71   1.
426005   62.3029   1.
426006   2.30961   1.
426007   0.176181   1.
426008   0.00643204   1.
426009   0.000248606   1.
################################################################################################################   0
## ttH samples
341081   0.4467       1.0
341177   0.0447       1.0
341270   0.1961       1.0
341271   0.2033       1.0
